1 0.14209202682563338 0.44038748137108796 0.029340536512667673 0.0998509687034278
1 0.1676602086438152 0.3710879284649776 0.03017883755588672 0.0834575260804769
1 0.3885525335320418 0.7831594634873323 0.05113636363636367 0.12369597615499259
1 0.3893908345752608 0.7295081967213115 0.0511363636363636 0.13859910581222068
1 0.6857302533532041 0.7682563338301043 0.04359165424739203 0.13859910581222054
1 0.6354321907600595 0.6743666169895678 0.028502235469448464 0.1326378539493294
1 0.5239381520119225 0.5923994038748137 0.02850223546944868 0.12071535022354701
1 0.4296292846497765 0.5685543964232489 0.03101713859910582 0.12071535022354694
1 0.4174739195230998 0.47690014903129657 0.031855439642324936 0.09538002980625933
1 0.3889716815906922 0.46870343592135666 0.02347243413605208 0.08494782264312845
1 0.2674180327868853 0.40611026675639217 0.030178837555886736 0.07004474219511411
1 0.27747764530551416 0.3956780923994039 0.021795827123695977 0.07600596125186286
1 0.31059053281822924 0.42622951639825674 0.02766394181510612 0.07749629062065681
1 0.31645864381520117 0.4061102831594635 0.027663934426229487 0.08494783904619965
1 0.524357302533532 0.40089418777943364 0.025987332339791395 0.09239940387481375
1 0.40196535022354696 0.43889716840536513 0.03269374068554391 0.07600596125186286
0 0.41366083178759416 0.3894872113076125 0.009955864020383558 0.01510917032903734
