1 0.10705342237061767 0.4273789649415693 0.024415692821368948 0.09015025041736223
1 0.2840671953255425 0.47746237581518985 0.025354757929883096 0.08681147541469547
1 0.3202212018957031 0.4215358931552588 0.03192821390475366 0.07512520868113524
1 0.36811352253756263 0.5592654424040068 0.028171953255425704 0.09015025041736223
1 0.32069073455759595 0.4757929883138564 0.042257929883138486 0.0901502504173623
1 0.5399624373956594 0.3297161936560935 0.020659432387312222 0.0818030050083473
1 0.5521702838063439 0.6878130063077207 0.030050083472454078 0.10016697569841519
1 0.5676648579353746 0.3756260434056762 0.02723288846981858 0.08013355592654428
1 0.6221306343906511 0.488313856427379 0.025354757929883148 0.09849749582637721
1 0.6493635225375627 0.23873121869782973 0.023476627712854706 0.06677796327212021
1 0.7324707846410683 0.22621035058430722 0.03192821368948259 0.07512520868113523
1 0.7428005008347242 0.2712855219783405 0.024415692821368816 0.07178640288823371
1 0.759234140126087 0.538397328881469 0.030989148796239138 0.09181969949916528
1 0.8761477462437395 0.41318864774624375 0.024415692821368965 0.09515859766277131
1 0.9569073455759599 0.25792988313856424 0.02253756260434045 0.07512520868113519
0 0.5925508616584938 0.22287358827684478 0.022342120984585562 0.014018585715818366
