1 0.10311102831594632 0.3666169731647379 0.0687406855439642 0.11624444413252086
1 0.1345473174366617 0.2921013740878116 0.031017138599105792 0.10730246791975682
1 0.19825819672131145 0.37928464977645304 0.024310730253353226 0.11773472429210137
1 0.21167101464429613 0.6050670394788512 0.04610655984000811 0.15499259764438558
1 0.325679955290611 0.3241430700447093 0.029340536512667655 0.10283159463487333
1 0.4048994038748137 0.4552906110283159 0.0301788375558867 0.1326378539493293
1 0.43591654247391953 0.33457526080476896 0.025149031296572276 0.11177347242921012
1 0.4895678043140226 0.4120715350223548 0.03856185783991339 0.12071535022354686
1 0.3956780923994039 0.35394932935916545 0.05868107302533531 0.03725782414307005
1 0.5264530551415797 0.37257824143070045 0.033532041728763035 0.13412816691505214
1 0.5822000708212098 0.4105812220566317 0.04107675850661158 0.12369597615499242
1 0.7293219076005961 0.44336810730253357 0.02682563338301037 0.13859910581222068
1 0.754051799458874 0.45827122055669 0.029340558679298027 0.12369600896113482
1 0.7712369560671115 0.3770491803278688 0.028502242858325606 0.11624441132637856
1 0.38086959255198205 0.32208125250096176 0.027019629035431817 0.10239018506161254
1 0.38709121576904115 0.30628030149439683 0.02026472203770764 0.09227756723482658
0 0.24008308652546134 0.35810742872634466 0.022042331506319464 0.022753374458136265
