1 0.05323211624441132 0.3956780923994039 0.027663934426229515 0.10879284649776451
1 0.1693368094987739 0.349478390461997 0.031855442105283814 0.09985096870342774
1 0.2644839791356185 0.31967210654293415 0.03772354694485841 0.0998510179126414
1 0.2590350161972972 0.4649776617085854 0.04023846238931025 0.1043219404067385
1 0.6568088612047487 0.7123695976154992 0.04610656969184364 0.13710879284649777
1 0.5792660208643815 0.3502235469448584 0.028502235469448606 0.08345752608047687
1 0.5750745156482862 0.43144560357675116 0.035208643815201196 0.10581222056631895
1 0.5419616244411326 0.46274217585692995 0.03101713859910582 0.10879284649776451
1 0.49711251862891204 0.38822652757078985 0.031855439642324866 0.08792846497764537
1 0.4237611773472429 0.4083457526080477 0.03101713859910582 0.08941877794336811
1 0.3566970938897173 0.39195234279123947 0.031017138599105834 0.09538009541854432
1 0.32401992938005025 0.39331511550941356 0.034844659853780297 0.10859679998324935
1 0.3293971917031645 0.33557526763099577 0.02839194506604322 0.07724138590357875
1 0.32509537615718015 0.37304882812192525 0.03871630010140917 0.09865487309088011
0 0.2521795341184495 0.35966272611515293 0.008173423564484686 0.015295290271827055
