1 0.1990818030050083 0.34974958263772954 0.024415692821368927 0.07846410684474125
1 0.38266903171953254 0.39065108514190316 0.02535475792988322 0.08013355592654428
1 0.39628547579298834 0.5651085141903173 0.028171953255425704 0.09849749582637721
1 0.4197707438906763 0.9440734557595993 0.031945494459149015 0.11185308848080126
1 0.4465254590984975 0.3864774624373956 0.029111018363939964 0.06510851419031717
1 0.4761060100166945 0.4449081803005008 0.03380634390651089 0.08514190317195322
1 0.5728297160860204 0.6502504173622705 0.024415693036640325 0.09515859766277124
1 0.609922787818513 0.5968280467445743 0.027232888469818334 0.09181969949916521
1 0.6202525041198047 0.26794657762938223 0.02911101847157573 0.07846410684474121
1 0.7381051885313407 0.18280385851620712 0.0244156908839269 0.058430563911931396
1 0.6794136060100167 0.4323873121869783 0.03098914858096819 0.07679465776293824
1 0.7089941569282137 0.48580966740955717 0.018781302170283853 0.08681138304399096
1 0.7911623539232053 0.3146911519198664 0.01972036727879811 0.07512520868113519
1 0.7953881469115192 0.4599332066416105 0.024415692821368823 0.08848083212579405
1 0.8554883138564273 0.5984974958263772 0.024415692821368823 0.1018363939899833
1 0.9254486644407345 0.5592654424040067 0.02159849749582648 0.09682804674457429
0 0.4449984779258124 0.300265749019711 0.007677232369424244 0.01310258245077212
