1 0.1271701388888889 0.33641975308641975 0.028645833333333322 0.09567901234567898
1 0.18055555555555558 0.24691358024691362 0.02777777777777782 0.09259259259259263
1 0.5460069444444444 0.9166666666666667 0.03993055555555557 0.16358024691358025
1 0.7157118055555557 0.3827160493827161 0.03211805555555557 0.09567901234567905
0 0.7204861111111112 0.31867283950617287 0.012152777777777856 0.023148148148148237
0 0.4657118055555556 0.3827160493827161 0.009548611111111072 0.021604938271605006
1 0.6979166666666665 0.6226851851851852 0.03125 0.14660493827160487
1 0.41362847222222227 0.45679012345679015 0.04079861111111107 0.11419753086419754
1 0.47829861111111116 0.5733024691358025 0.022569444444444357 0.14043209876543203
1 0.5143229166666667 0.357253086419753 0.04253472222222222 0.10030864197530867
1 0.6267361111111112 0.5408950617283951 0.041666666666666644 0.11882716049382722
1 0.5538194444444444 0.4737654320987654 0.029513888888888857 0.12962962962962954
1 0.5082465277777778 0.46141975308641975 0.0234375 0.10493827160493822
1 0.34157986111111116 0.3479938271604938 0.044270833333333356 0.09413580246913579
1 0.3081597222222222 0.38657407407407407 0.019097222222222213 0.08796296296296298
1 0.29123263888888884 0.3996913580246914 0.009548611111111107 0.10802469135802475
1 0.26953125 0.3996913580246914 0.03559027777777778 0.0679012345679012
1 0.46614583333333337 0.35879629629629634 0.04513888888888886 0.09722222222222221
