1 0.044270833333333356 0.2816358024691355 0.031250000000000014 0.15277777777777773
1 0.0876736111111111 0.3503086419753087 0.027777777777777776 0.1512345679012346
1 0.15104166666666666 0.3194444444444444 0.02777777777777775 0.14506172839506173
1 0.2361111111111111 0.4189814814814815 0.03298611111111114 0.15895061728395057
1 0.48480902777777773 0.5277777777777778 0.028645833333333356 0.15123456790123455
1 0.8363715277777777 0.5478395061728395 0.03211805555555557 0.09567901234567898
1 0.9288194444444444 0.6859567901234569 0.046875 0.19290123456790134
1 0.6888020833333333 0.41743827160493824 0.02864583333333343 0.16820987654320996
1 0.5138888888888888 0.39197530864197533 0.02951388888888893 0.15123456790123455
1 0.48480902777777773 0.4050925925925926 0.028645833333333356 0.10956790123456785
0 0.2230902777777778 0.27391975308641975 0.013888888888888857 0.03240740740740744
