1 0.5733506944444444 0.6751543209876543 0.03038194444444443 0.09104938271604937
1 0.5451388888888888 0.6118827160493827 0.015625 0.09104938271604951
1 0.28645833333333337 0.621141975308642 0.03993055555555554 0.08487654320987652
1 0.3637152777777778 0.4783950617283951 0.02256944444444443 0.08333333333333329
1 0.5533854166666667 0.28163580246913583 0.02170138888888893 0.06944444444444446
1 0.6762152777777777 0.4344135802469136 0.027777777777777714 0.08179012345679013
1 0.19227430555555558 0.5131172839506174 0.028645833333333322 0.09722222222222221
1 0.19791666666666663 0.2962962962962963 0.01736111111111111 0.07716049382716048
1 0.45920138888888884 0.35108024691358025 0.022569444444444357 0.07561728395061731
1 0.12760416666666669 0.6983024691358025 0.022569444444444448 0.10648148148148139
1 0.1440972222222222 0.7453703703703703 0.032986111111111126 0.1018518518518519
1 0.2699652777777778 0.5254629629629629 0.032986111111111105 0.07561728395061727
1 0.4457465277777778 0.39429012345679015 0.0234375 0.0725308641975309
1 0.5412326388888888 0.5246913580246914 0.02517361111111107 0.08333333333333329
1 0.6063368055555556 0.48070987654320985 0.01649305555555557 0.06944444444444443
1 0.9878472222222223 0.4027777777777778 0.02430555555555557 0.0771604938271605
0 0.36328125 0.3819444444444444 0.01822916666666657 0.029320987654320944
