1 0.6150173611111112 0.5733024691358024 0.04079861111111107 0.13425925925925916
1 0.502170138888889 0.42438271604938266 0.04600694444444443 0.12345679012345677
1 0.4144965277777778 0.4097222222222222 0.04774305555555557 0.12191358024691354
1 0.33984374999999994 0.361882716049383 0.03906250000000016 0.10956790123456801
1 0.1974826388888889 0.2986111111111111 0.026909722222222213 0.10648148148148145
1 0.16102430555555558 0.9313271604938271 0.04600694444444445 0.1373456790123457
1 0.4926215277777778 0.6643518518518519 0.04947916666666671 0.15277777777777785
1 0.4140625 0.6041666666666662 0.05034722222222219 0.15277777777777773
1 0.3168402777777778 0.5246913580246914 0.02951388888888889 0.11111111111111122
1 0.33984375 0.48688271604938266 0.025173611111111143 0.1342592592592593
0 0.8940972222222224 0.37808641975308643 0.03645833333333328 0.1049382716049383
0 0.53515625 0.7145061728395062 0.021701388888888857 0.033950617283950636
