1 0.3005008346707231 0.4565943238731219 0.020659432494947855 0.08514190317195332
1 0.34416736210899723 0.560100166944908 0.025354758252790193 0.07846410684474121
1 0.45771541695934 0.7713809932787012 0.028862734926607788 0.10148280054672988
1 0.46990190428469225 0.7166486753244754 0.01860042969444095 0.09236075105938282
1 0.49138860730270684 0.690422783048357 0.020524611714113593 0.10148280054672985
1 0.4387942904699167 0.5045610247436726 0.02437297612103678 0.08551921394387346
1 0.6430783128518616 0.5319271626906403 0.01988321724195053 0.0832387226021816
1 0.6276848542316887 0.3882548937800049 0.01860042925334112 0.06955562734101702
1 0.5654696261977963 0.3283914440192936 0.01346927619616011 0.0638543464114256
1 0.5301929504459484 0.3922457904307193 0.02373158186942497 0.07297639589877214
1 0.4224387408766678 0.41619117033500386 0.0224487936602668 0.0798179330142819
1 0.5147994919360512 0.5553024250170382 0.030145522915215467 0.0798179330142822
1 0.524741100520268 0.4666220602394364 0.017959035001729868 0.07929869756622673
1 0.4032105460845821 0.4804150528570639 0.016048809455712267 0.07833999370492621
1 0.4104189096914571 0.45720318040816865 0.020129015356811844 0.0764056382984648
1 0.9118322203672787 0.696160267111853 0.022537562604340592 0.09682804674457443
1 0.9766277126933044 0.6444073455759599 0.020659432710218813 0.09682804674457433
0 0.5343750000000002 0.21527777777777776 0.00820312499999993 0.01875
