1 0.03688524220720095 0.5268256743906885 0.03353204911763982 0.12369605817034875
1 0.05951938145743117 0.4344262295081968 0.03856186276583105 0.09985096870342768
1 0.08005773854410662 0.33084951939814006 0.02263412077803825 0.08345744406512061
1 0.06496833084947841 0.7660208561799845 0.041076751117734726 0.16095381670113384
1 0.3181352459016394 0.35394932935916545 0.03772354694485841 0.08792846497764532
1 0.3118479880774963 0.2950819672131147 0.025149031296572276 0.07153502235469443
1 0.4371739940387481 0.6140089418777944 0.029340536512667655 0.1341281669150522
1 0.4870529061102832 0.47690014903129657 0.028502235469448606 0.09538002980625933
1 0.4845380029806259 0.3479880774962742 0.02682563338301044 0.09985096870342773
1 0.551602086438152 0.5625931445603577 0.028502235469448606 0.12071535022354694
1 0.5763319672131144 0.4321907190519344 0.03772354694485849 0.113263867410289
1 0.6190853216487671 0.4232488822652757 0.03940015149425538 0.11028315946348742
1 0.729321907600596 0.2839046199701938 0.020119225037257847 0.09687034277198216
1 0.683215350223547 0.7660208643815202 0.03017883755588656 0.1609538002980625
1 0.7368666157580881 0.8509687034277198 0.04359165671035056 0.1698956780923994
1 0.8097988077496274 0.7339791356184798 0.036885245901639364 0.15052160953800298
1 0.9523099850968703 0.6430700447093889 0.043591654247391885 0.1385991058122206
1 0.9878912071535022 0.6102831594634873 0.024217585692995557 0.12071535022354694
0 0.40741430700447095 0.650521609538003 0.010059612518628924 0.019374068554396332
