1 0.017604321907600595 0.7540983606557377 0.03520864381520119 0.1549925484351715
1 0.06957898412422438 0.6527570461804453 0.07377046717368939 0.16095386591034833
1 0.1404157498497736 0.491801638381402 0.0377236356113798 0.13114898445387466
1 0.09263249186792923 0.4031279759132172 0.03269377024105109 0.12369550046592705
1 0.19825819179539367 0.3837555886736213 0.03437035262381783 0.12667660208643813
1 0.26993293591654244 0.4359165424739196 0.03353204172876307 0.12965722801788382
1 0.2732861450153366 0.5245901639344263 0.030178847407722365 0.13114754098360662
1 0.38645677599807615 0.6296572280178839 0.038561857839912984 0.15350223546944852
1 0.7414772702643139 0.6527570789865876 0.04275335813009067 0.15797317436661718
1 0.6664493293591653 0.4828614008941878 0.0720938897168405 0.056631892697466456
