1 0.07251304023845007 0.5402384500745157 0.022634128166915055 0.11773472429210137
1 0.637951717202603 0.9262295081967212 0.06036692173754574 0.14754098360655746
1 0.43926974664679586 0.5752607965674659 0.0301788375558867 0.13114752458053547
1 0.7201005961251863 0.6423248882265276 0.055327868852458974 0.12816691505216085
1 0.39190573770491804 0.44858416987642086 0.024310730253353226 0.10730259914432663
1 0.3931631892697466 0.3301043219076006 0.030178837555886632 0.08196721311475408
1 0.4074143070044707 0.42771976375169496 0.021795827123695936 0.11326390021643158
1 0.4824422503725782 0.3524590163934426 0.03772354694485849 0.10581222056631887
1 0.5008848745548774 0.3479880528916673 0.01760432437055968 0.06408350673529399
1 0.5134593889716839 0.3785395096966628 0.02263412816691498 0.09538006261240188
1 0.5562127421758565 0.3845007697610896 0.029340536512667624 0.11922488963018289
1 0.5834575260804769 0.3487332339791356 0.02347242921013418 0.05067064083457524
1 0.5834575285434358 0.40387481371087924 0.020119229963175805 0.11624441132637854
1 0.6283066318926974 0.4299553152156353 0.024310730253353157 0.10283164384408701
1 0.645910953800298 0.41877794336810725 0.025987332339791395 0.10134128166915055
1 0.6807004470938898 0.4381520119225037 0.025149031296572134 0.11028315946348734
1 0.7452496274217586 0.3733233979135619 0.030178837555886844 0.08196721311475408
1 0.7230346510079325 0.49254843517138597 0.020957528543435758 0.11475409836065571
0 0.7477645305514159 0.4508196721311475 0.01676602086438166 0.022354694485842045
