1 0.01886177100947028 0.3293591654247392 0.027663939352147362 0.11922503725782421
1 0.10981743050430164 0.4374068554396423 0.043591666562186555 0.1326378539493294
1 0.13873881033796248 0.39344267216003315 0.04107677574732408 0.1311475409836065
1 0.19825819672131145 0.533532041728763 0.03101713859910582 0.1281669150521609
1 0.292147913561848 0.3815200700158235 0.03772354694485841 0.11624441132637856
1 0.4195696721311475 0.6974664679582713 0.04275335320417284 0.16095380029806258
1 0.34186598757800185 0.32741903613929607 0.03591581050854458 0.1128947860107555
1 0.3444685771898262 0.36859787202026845 0.024464403370366705 0.11752162150299955
1 0.41838227723703275 0.37646349235708326 0.06506487869759366 0.04811908911933834
1 0.42540928287622665 0.39913498626907923 0.031231145689862586 0.1304767608812829
1 0.4842279321299867 0.4023737711136501 0.027066987629627875 0.11474552020765309
1 0.5646481165295539 0.4125527990115706 0.026546468636750264 0.1147455405776868
1 0.5888522496983559 0.37923959365242965 0.032272177558402504 0.06847716528521239
