1 0.7760416666666667 0.6334876543209877 0.036458333333333426 0.14351851851851855
1 0.34592013888888884 0.5871913580246914 0.03559027777777778 0.1342592592592593
1 0.40581597222222227 0.5810185185185186 0.03732638888888893 0.1373456790123457
1 0.1623263888888889 0.4274691358024691 0.04166666666666666 0.13271604938271608
1 0.1545138888888889 0.27314814814814814 0.03125 0.10493827160493825
1 0.4848090277777778 0.4444444444444444 0.05642361111111114 0.13888888888888887
1 0.39496527777777773 0.3850308641975309 0.026041666666666644 0.12191358024691361
1 0.7022569444444445 0.566358024691358 0.05208333333333329 0.14197530864197533
1 0.3233506944444444 0.32638888888888884 0.028645833333333287 0.10030864197530867
1 0.3055555555555556 0.3981481481481481 0.024305555555555535 0.10185185185185183
0 0.7790798611111104 0.6813271604938271 0.009548611111111145 0.02314814814814815
1 0.7595486111111112 0.32407407407407407 0.032986111111111 0.1049382716049383
