1 0.38671875 0.7515432098765433 0.026909722222222144 0.11419753086419761
1 0.45355902777777773 0.720679012345679 0.02170138888888893 0.11419753086419761
1 0.49609375 0.7044753086419753 0.025173611111111143 0.11265432098765445
1 0.484375 0.5617283950617284 0.02256944444444443 0.09259259259259267
1 0.36892361111111116 0.5771604938271605 0.024305555555555643 0.09259259259259252
1 0.47309027777777773 0.36651234567901236 0.01736111111111107 0.06327160493827165
1 0.7673611111111112 0.48842592592592593 0.019097222222222144 0.07561728395061727
1 0.9921875 0.7106481481481481 0.015625 0.10956790123456785
1 0.5729166666666667 0.3726851851851852 0.019097222222222213 0.06327160493827165
1 0.5017361111111112 0.44058641975308643 0.01736111111111107 0.07253086419753081
1 0.4453125 0.44598765432098764 0.02604166666666657 0.08024691358024683
1 0.3875868055555556 0.4645061728395061 0.0234375 0.06481481481481481
1 0.41276041666666674 0.4591049382716049 0.019965277777777787 0.04783950617283949
1 0.5347222222222222 0.32330246913580246 0.017361111111111143 0.06944444444444443
1 0.34418402777777785 0.44135802469135804 0.026909722222222213 0.06481481481481481
1 0.34722222222222227 0.37422839506172845 0.020833333333333356 0.06327160493827165
