1 0.12803819444444442 0.7631172839506172 0.04253472222222223 0.1589506172839505
1 0.5364583333333334 0.6342592592592592 0.046875 0.12962962962962962
1 0.7126736111111112 0.662037037037037 0.045138888888889 0.12654320987654316
1 0.64453125 0.7183641975308642 0.04947916666666678 0.14043209876543217
0 0.6440972222222215 0.7600308641975312 0.015624999999999915 0.0262345679012343
1 0.02994791666666667 0.345679012345679 0.026909722222222224 0.12654320987654327
1 0.1953125 0.3819444444444444 0.03645833333333329 0.12191358024691361
1 0.4800347222222222 0.4868827160493827 0.050347222222222286 0.1373456790123457
1 0.5256076388888888 0.36651234567901236 0.03732638888888893 0.10648148148148141
1 0.390625 0.2739197530864198 0.046875 0.11265432098765438
1 0.30729166666666663 0.23842592592592596 0.020833333333333322 0.10030864197530864
1 0.2816840277777778 0.2847222222222222 0.019965277777777787 0.08487654320987655
1 0.09071180555555555 0.21450617283950618 0.035590277777777776 0.1049382716049383
1 0.032986111111111105 0.12731481481481483 0.020833333333333336 0.07561728395061731
1 0.7903645833333335 0.2376543209876543 0.03211805555555557 0.10185185185185187
