1 0.0625 0.44367283950617287 0.048611111111111105 0.11882716049382722
1 0.6401909722222223 0.7322530864197531 0.03385416666666671 0.16203703703703695
1 0.8016493055555555 0.6219135802469136 0.04427083333333329 0.1666666666666668
1 0.44574652777777773 0.5617283950617284 0.044270833333333356 0.13271604938271608
1 0.5711805555555556 0.46604938271604934 0.046875 0.12654320987654322
1 0.6467013888888888 0.4529320987654321 0.03472222222222222 0.13117283950617278
1 0.35807291666666663 0.27469135802469136 0.021701388888888857 0.10185185185185183
0 0.37065972222222215 0.31790123456790126 0.012152777777777785 0.01851851851851855
1 0.45833333333333326 0.30864197530864196 0.03472222222222222 0.09259259259259263
1 0.49435763888888884 0.36111111111111116 0.04774305555555557 0.08950617283950621
1 0.41840277777777773 0.42052469135802467 0.03298611111111107 0.11882716049382722
1 0.4375 0.3819444444444444 0.019097222222222144 0.11265432098765431
