1 0.6315104166666667 0.5871913580246914 0.03559027777777778 0.1527777777777777
1 0.47092013888888884 0.4652777777777778 0.03559027777777778 0.12191358024691354
1 0.6223958333333334 0.4560185185185185 0.03993055555555557 0.11265432098765438
1 0.4796006944444444 0.3503086419753086 0.0390625 0.10802469135802475
1 0.41666666666666674 0.3487654320987654 0.0399305555555555 0.1111111111111111
1 0.3823784722222222 0.29398148148148145 0.03038194444444443 0.10648148148148148
1 0.3237847222222222 0.3279320987654321 0.026041666666666678 0.10339506172839506
1 0.2660590277777778 0.2816358024691358 0.02517361111111111 0.10648148148148145
1 0.2026909722222222 0.40586419753086417 0.02690972222222225 0.12962962962962962
1 0.3125 0.46913580246913583 0.02777777777777782 0.12962962962962962
1 0.33854166666666663 0.3996913580246913 0.020833333333333287 0.11728395061728392
1 0.012586805555555556 0.4452160493827161 0.025173611111111112 0.12808641975308646
0 0.5681423611111112 0.42824074074074076 0.013020833333333356 0.016975308641975387
1 0.5798611111111112 0.4027777777777778 0.036458333333333356 0.08024691358024696
