1 0.32595486111111116 0.6473765432098766 0.04253472222222222 0.13734567901234562
1 0.44704861111111116 0.6489197530864197 0.029513888888888857 0.1311728395061727
1 0.5889756944444444 0.5709876543209877 0.049479166666666644 0.12962962962962968
1 0.8923611111111112 0.6172839506172839 0.03819444444444457 0.12962962962962962
1 0.7825520833333333 0.6026234567901234 0.035590277777777714 0.12808641975308638
1 0.6588541666666667 0.4675925925925926 0.036458333333333426 0.11728395061728392
1 0.6128472222222223 0.4128086419753086 0.027777777777777787 0.11882716049382715
1 0.5568576388888888 0.470679012345679 0.02517361111111107 0.09876543209876544
1 0.4140625 0.48919753086419737 0.03298611111111114 0.1234567901234565
1 0.29427083333333337 0.4228395061728395 0.026041666666666678 0.12345679012345684
1 0.21354166666666669 0.30401234567901236 0.02256944444444443 0.10802469135802469
1 0.03819444444444444 0.5138888888888888 0.029513888888888885 0.13580246913580246
1 0.26302083333333337 0.23070987654320987 0.02951388888888889 0.08796296296296298
1 0.43923611111111116 0.31867283950617287 0.022569444444444357 0.11265432098765434
0 0.38628472222222215 0.361111111111111 0.031249999999999875 0.10493827160493825
0 0.6961805555555555 0.6149691358024691 0.019097222222222144 0.04166666666666678
1 0.9327256944444443 0.33179012345679004 0.03385416666666657 0.1172839506172839
