1 0.15494791666666669 0.775462962962963 0.03211805555555557 0.14969135802469125
1 0.5607638888888888 0.7152777777777777 0.03125 0.1373456790123457
1 0.5629340277777778 0.5393518518518517 0.0286458333333333 0.10648148148148145
1 0.9262152777777777 0.32638888888888884 0.027777777777777714 0.09104938271604933
1 0.5034722222222222 0.3850308641975309 0.029513888888888857 0.08796296296296298
1 0.4375 0.35108024691358025 0.02604166666666657 0.10956790123456799
1 0.4874131944444444 0.44675925925925924 0.03559027777777778 0.10956790123456792
1 0.3936631944444444 0.4691358024691358 0.0321180555555555 0.09567901234567898
1 0.3914930555555556 0.38888888888888884 0.0381944444444445 0.08333333333333336
1 0.42317708333333326 0.4598765432098766 0.0164930555555555 0.1018518518518519
0 0.4166666666666665 0.49922839506172834 0.008680555555555572 0.023148148148148296
