1 0.7621527777777777 0.5918209876543209 0.03993055555555557 0.14660493827160492
1 0.6818576388888888 0.4498456790123457 0.03559027777777786 0.12191358024691361
1 0.7717013888888888 0.3518518518518519 0.027777777777777856 0.12345679012345677
1 0.49088541666666663 0.35108024691358025 0.03385416666666671 0.09722222222222218
1 0.2808159722222222 0.3618827160493827 0.03038194444444443 0.12191358024691358
1 0.03428819444444444 0.45447530864197533 0.026909722222222224 0.12499999999999993
1 0.31814236111111105 0.5308641975308642 0.039062499999999965 0.14197530864197533
1 0.37239583333333337 0.5131172839506174 0.04166666666666671 0.1342592592592593
1 0.44401041666666674 0.40354938271604934 0.0321180555555555 0.10339506172839513
1 0.4305555555555556 0.33564814814814814 0.0225694444444445 0.11265432098765431
1 0.4032118055555556 0.3101851851851852 0.026909722222222286 0.08950617283950617
1 0.37326388888888884 0.32330246913580246 0.03298611111111114 0.0787037037037037
1 0.34895833333333326 0.2777777777777778 0.03472222222222222 0.09259259259259256
0 0.34982638888888884 0.3341049382716049 0.012152777777777785 0.020061728395061706
