1 0.0364660953800298 0.3777943368107303 0.025987332339791357 0.08792846497764523
1 0.09011736214605066 0.3651266766020864 0.027663934426229515 0.09836065573770494
1 0.046944865809145024 0.4538002652564508 0.028502250247202175 0.11475409836065568
1 0.03898099850968703 0.5454545454545454 0.03269374068554396 0.1222056631892697
1 0.06915983606557377 0.5268256333830105 0.029340536512667662 0.07302533532041722
1 0.1244877049180328 0.5186289120715349 0.027663934426229525 0.11028315946348734
1 0.19741989567809243 0.4105812220566319 0.025987332339791357 0.10581222056631887
1 0.22298807749627422 0.4292101095235599 0.02179585667920324 0.10432195680980973
1 0.3244225037257824 0.5134128166915052 0.023472429210134108 0.11773472429210137
1 0.3084994072175062 0.9321907600596125 0.03857109461384987 0.13561847988077488
1 0.4313058867362146 0.6080476900149031 0.02263412816691506 0.11922503725782427
1 0.6283066220408616 0.38673619000046017 0.04107677082140622 0.10581226977553236
