1 0.01173561118012933 0.1989565758856035 0.021794615347902654 0.11177391531213306
1 0.08760112162969504 0.34351846724787477 0.036045806971395235 0.11177455503191118
1 0.16766020494937678 0.45976159093316227 0.03185543225344814 0.12965714600252745
1 0.2942436661698957 0.2965722801788376 0.028502235469448606 0.11028315946348734
1 0.29047131147540983 0.5543964232488823 0.03101713859910582 0.12518628912071542
1 0.42082712369597614 0.7272726944665849 0.04694485842026821 0.12518635473300038
1 0.4920827123695976 0.5998509687034277 0.03520864381520113 0.1564828614008941
1 0.5302254098360656 0.5 0.03101713859910582 0.1326378539493294
1 0.4292101341281669 0.4865871833084948 0.036885245901639295 0.13561847988077497
1 0.3336438053493566 0.4634873323397901 0.0368852656053111 0.12816691505216074
1 0.47950819672131145 0.4165424739195231 0.03520864381520113 0.12667660208643816
1 0.38352272604124776 0.330849478390462 0.02263413062987393 0.11624441132637858
1 0.41118665431008006 0.3487332339791356 0.029340551290421346 0.1102831594634873
1 0.44370801185198533 0.3797231229833433 0.02229119653945545 0.1174959205055594
1 0.4466410640282298 0.32027994368969304 0.015642944939968616 0.047276455818572136
1 0.4671724292619372 0.35538969516357083 0.017598313057464836 0.06743841252396733
1 0.7106157598902015 0.35538966455495613 0.03832521510292338 0.10637202559178714
0 0.4467505623488543 0.7567893647270383 0.013533486168295562 0.0277609620283804
