1 0.06371087928464977 0.49478390461997024 0.03688524590163935 0.11326378539493284
1 0.1525707898658718 0.4269746646795828 0.02011922503725783 0.11475409836065573
1 0.23220938897168406 0.35991058122205666 0.030178837555886774 0.10283159463487326
1 0.28502235469448584 0.4485842026825634 0.021795827123695977 0.1073025335320417
1 0.30095007451564826 0.37332339791356184 0.021795827123695977 0.09687034277198209
1 0.3726248137108793 0.5044709388971684 0.03269374068554391 0.12369597615499259
1 0.3902291356184799 0.4269746646795827 0.025987332339791322 0.09388971684053658
1 0.43717398911283034 0.45380032266720005 0.032693750537379794 0.09985101791264149
1 0.4401080476900148 0.5551416535455644 0.03353204172876309 0.11475424598829655
1 0.4510059612518629 0.49701937406855434 0.035208643815201196 0.10581222056631895
1 0.5457339754411802 0.5327868852459016 0.03185544703120178 0.12071535022354701
1 0.7138133383010432 0.5648286140089419 0.02766393442622956 0.11624441132637849
1 0.8450074589537059 0.7712369925676917 0.030178822778133746 0.1535021698571636
1 0.6827957723785627 0.3740641911794769 0.0326938367409421 0.08345844465246464
1 0.46420505363741943 0.5049860262085825 0.04460712733035265 0.06458091089211393
0 0.4698143370459472 0.28465115375313366 0.009348791293345232 0.02374298194563015
