1 0.15005588673621462 0.44336810730253357 0.035208643815201196 0.12667660208643824
1 0.16724105812220563 0.2809239940387481 0.042753353204172895 0.09985096870342765
1 0.18191132637853946 0.35394932935916545 0.04526825633383009 0.11177347242921015
1 0.3898099740135552 0.8591654247391953 0.04359167641402248 0.19225037257824173
1 0.5993898692145255 0.912816691505216 0.03857109461384987 0.17436661698956782
1 0.3122671385991058 0.29135618479880776 0.025987332339791322 0.1058122205663189
1 0.3898099850968703 0.3830104321907601 0.043591654247391885 0.09538002980625933
1 0.4103483606557377 0.3554396423248882 0.02766393442622956 0.1058122205663189
1 0.4644187717859709 0.3889717086582582 0.030178849870681382 0.09836070494691858
1 0.4874720566318926 0.3584203584732258 0.037723546944858334 0.09985114913721083
1 0.45813152011922503 0.5350223546944859 0.03604694485842032 0.14605067064083457
1 0.7389623695976155 0.6445603576751118 0.02766393442622956 0.16244411326378555
1 0.6861494038748137 0.4381520119225037 0.03101713859910575 0.13114754098360656
1 0.7536326316965523 0.40014904769964355 0.04191506447574885 0.12369600896113507
1 0.8387201974351238 0.4523099850968703 0.02934052912379072 0.14157973174366612
1 0.8814735469448585 0.4992548189125317 0.024310730253353383 0.14307009391860262
1 0.9049459786179517 0.49776451414834455 0.02431073517927103 0.14307007751553133
1 0.9309333084947837 0.3397913561847988 0.025987332339791322 0.11624441132637856
