1 0.15298994038748137 0.42846497764530556 0.03772354694485841 0.10879284649776459
1 0.3663375558867362 0.46348733233979134 0.030178837555886774 0.11624441132637856
1 0.4828614008941882 0.5916541981827386 0.0502980625931446 0.12220576160769701
1 0.6023192995529061 0.7496274217585693 0.03101713859910582 0.17287630402384507
1 0.6802812965722805 0.8561848316138919 0.04275335320417286 0.15052167515028783
1 0.8336903763980555 0.7548435171385985 0.03772356911148848 0.16840536512667648
1 0.6668684909640902 0.5074515648286139 0.031017116432475775 0.13263785394932928
1 0.6350130045255452 0.36810573604023 0.024310762271819816 0.10134238067492263
1 0.5545361400894188 0.3740685543964233 0.03940014903129651 0.08941877794336811
1 0.5314828589379351 0.3614009433969932 0.023472434136051937 0.08196711469632695
0 0.8274031407405432 0.2764530551415796 0.02850221330281798 0.08494783904619965
0 0.46399962865323796 0.3926974746694939 0.010897911098888984 0.016393426219879617
