1 0.19109974942118427 0.41652754590984975 0.02535475825279013 0.08514190317195329
1 0.3037875623890691 0.5008347245409014 0.027232888577454036 0.09348914858096824
1 0.35543614351880315 0.5409015025041737 0.027232888254547213 0.0901502504173623
1 0.4479340567612688 0.40567612687813015 0.03005008347245415 0.0734557595993322
1 0.36999164769571463 0.44657796807488653 0.0300500847640822 0.07178668000034656
1 0.5681343906510851 0.3514190317195326 0.020659432387312222 0.07178631051752923
1 0.5939586810814075 0.39398992172503955 0.01972036738643331 0.08347257725108903
1 0.6587541736227045 0.2554257095158598 0.021598497495826336 0.06677796327212018
1 0.7507825544185488 0.2420701322565531 0.01972036695589104 0.06343903431827934
1 0.659693238354494 0.48914858096828034 0.032867279551446894 0.0968280467445743
1 0.7709724545206931 0.29966611018363914 0.026293823899482264 0.07846416842521076
1 0.8991548410256124 0.4207011686143572 0.027232888900360918 0.08013355592654425
1 0.964419866174984 0.2913188647746242 0.022537562927247522 0.06176961602671114
1 0.5643781302170283 0.6627712392904409 0.03005008347245409 0.10350593544249068
1 0.8047787979966611 0.5417362270450751 0.026293823038397335 0.09181969949916528
0 0.6343331886060805 0.03438036407179031 0.008444955664447357 0.013511906973488608
