1 0.3068985849056603 0.6682389937106918 0.03537735849056599 0.1572327044025157
1 0.36129127358490565 0.5581761006289309 0.0433372641509434 0.15094339622641514
1 0.49793632075471694 0.684748427672956 0.06191037735849058 0.14308176100628942
1 0.5227004716981132 0.4638364779874214 0.03183962264150942 0.12264150943396217
1 0.5474646226415094 0.464622641509434 0.01945754716981128 0.14622641509433962
1 0.5381780660377358 0.5605345911949685 0.022110849056603783 0.12421383647798741
1 0.655807783018868 0.5172955974842768 0.023879716981131907 0.12578616352201266
1 0.5916863207547169 0.464622641509434 0.026533018867924484 0.1305031446540881
1 0.6102594339622641 0.5007861635220126 0.03183962264150942 0.12106918238993714
1 0.6991450471698113 0.511006289308176 0.029186320754716916 0.1352201257861635
1 0.7203714622641509 0.5864779874213837 0.05218160377358487 0.11320754716981121
1 0.6894162735849056 0.5699685534591196 0.03626179245283026 0.10849056603773591
1 0.7345224056603773 0.5204402515723271 0.01857311320754718 0.11006289308176101
1 0.7261202830188678 0.48977987421383645 0.02830188679245282 0.11477987421383645
1 0.14858490566037733 0.5943396226415094 0.03183962264150942 0.16352201257861637
1 0.08446344339622641 0.6045597484276729 0.03449292452830188 0.139937106918239
0 0.8508254716981132 0.5566037735849056 0.017688679245283084 0.037735849056603786
1 0.1711379716981132 0.330188679245283 0.030955188679245273 0.10377358490566038
