1 0.6471354166666665 0.5339506172839507 0.03211805555555557 0.12345679012345677
1 0.6011284722222222 0.5216049382716049 0.03211805555555554 0.12345679012345684
1 0.5447048611111112 0.45833333333333326 0.049479166666666644 0.12037037037037031
1 0.3914930555555554 0.378858024691358 0.03298611111111105 0.11882716049382705
1 0.39800347222222215 0.4745370370370371 0.026909722222222213 0.11574074074074076
1 0.3207465277777778 0.3487654320987654 0.028645833333333322 0.11419753086419757
1 0.29340277777777773 0.39197530864197544 0.02256944444444433 0.11419753086419764
1 0.14800347222222224 0.35570987654320985 0.02690972222222225 0.11882716049382722
1 0.18446180555555558 0.5462962962962963 0.03211805555555557 0.12345679012345684
1 0.32595486111111105 0.6720679012345677 0.03211805555555561 0.1527777777777778
1 0.41059027777777773 0.6350308641975309 0.032986111111110855 0.14043209876543222
1 0.3111979166666667 0.5262345679012346 0.03559027777777782 0.10802469135802469
1 0.7356770833333335 0.36111111111111116 0.0234375 0.10802469135802475
0 0.5169270833333334 0.29398148148148145 0.01649305555555557 0.03549382716049383
1 0.2534722222222222 0.4629629629629629 0.017361111111111143 0.12345679012345677
1 0.2664930555555556 0.4274691358024691 0.010416666666666678 0.08950617283950621
