1 0.04317250372578241 0.48211623620979077 0.022634128166915055 0.08494785544927091
1 0.4744783830731202 0.5149031296572278 0.0268256383089283 0.08494783904619968
1 0.5189083506785258 0.6564828778039654 0.033532031876927326 0.0938896840343939
1 0.5423807761942216 0.343517155002177 0.035208641352242234 0.07302530251427479
1 0.5683682476911917 0.5193765126120095 0.03185551353109422 0.08792931793734862
1 0.633755588673621 0.2779434009134448 0.021795846827368084 0.0670640834575261
1 0.8248882265275708 0.4515648286140089 0.021795827123695943 0.08643815201192247
1 0.6475875620441335 0.29433678612564657 0.020957548247107813 0.06110278238542116
1 0.8370435916542474 0.5551415797317436 0.03101713859910575 0.08792846497764537
1 0.875605439642325 0.8181818181818181 0.03269374068554399 0.11326378539493291
1 0.9502142312573428 0.35767511997500806 0.029340538975626194 0.08345754248354816
0 0.5814506646030903 0.4006975721762994 0.006935640802391567 0.012062005892310044
