1 0.1622936320754717 0.3632075471698113 0.025648584905660386 0.10062893081761011
0 0.18794221698113206 0.35534591194968557 0.01857311320754718 0.037735849056603786
1 0.0919811320754717 0.8380503144654088 0.03714622641509433 0.1949685534591194
1 0.25339033018867924 0.47484276729559755 0.03449292452830189 0.13522012578616355
1 0.30291863207547165 0.3757861635220126 0.027417452830188652 0.1226415094339623
1 0.33696933962264153 0.3231132075471698 0.026533018867924554 0.10220125786163521
1 0.42762382075471694 0.4339622641509434 0.02918632075471699 0.11320754716981128
1 0.5408313679245284 0.6092767295597484 0.03272405660377352 0.14937106918239004
1 0.6376768867924527 0.8883647798742139 0.03537735849056602 0.19811320754716974
1 0.7473466981132074 0.8820754716981132 0.03537735849056602 0.20440251572327042
1 0.8751474056603773 0.7366352201257861 0.03272405660377359 0.19654088050314464
1 0.6310436320754716 0.5440251572327044 0.029186320754716916 0.14779874213836477
1 0.5691332547169812 0.4819182389937107 0.025648584905660313 0.13050314465408797
1 0.5532134433962264 0.3797169811320755 0.02741745283018872 0.10220125786163528
1 0.7429245283018868 0.449685534591195 0.026533018867924626 0.14465408805031443
1 0.7632665094339623 0.5141509433962264 0.026533018867924484 0.15408805031446535
1 0.9100825471698113 0.5778301886792453 0.04245283018867923 0.16509433962264147
1 0.9742040094339623 0.5864779874213837 0.034492924528301924 0.16352201257861637
1 0.9184846698113208 0.3168238993710692 0.020341981132075516 0.11477987421383648
