1 0.21006944444444442 0.18287037037037038 0.02951388888888889 0.09104938271604938
1 0.1953125 0.2523148148148148 0.013888888888888928 0.060185185185185154
1 0.18880208333333331 0.3140432098765432 0.028645833333333356 0.0787037037037037
1 0.21397569444444442 0.3796296296296296 0.02690972222222218 0.11728395061728392
1 0.40407986111111116 0.2824074074074074 0.025173611111111143 0.11728395061728392
1 0.3758680555555556 0.43441358024691357 0.03125 0.11882716049382715
1 0.3177083333333333 0.6473765432098766 0.03472222222222222 0.12808641975308638
0 0.36284722222222227 0.6805555555555556 0.013888888888888928 0.033950617283950636
1 0.5846354166666666 0.6427469135802469 0.0390625 0.12808641975308638
1 0.5998263888888888 0.5208333333333334 0.03298611111111107 0.11574074074074076
1 0.7734375 0.6496913580246914 0.03298611111111114 0.1358024691358024
1 0.8246527777777777 0.6998456790123457 0.03645833333333329 0.14969135802469138
1 0.6267361111111112 0.4074074074074074 0.03125 0.10493827160493822
1 0.5256076388888888 0.35108024691358025 0.02517361111111107 0.11574074074074073
1 0.47482638888888884 0.3780864197530864 0.027777777777777787 0.10802469135802469
1 0.8776041666666665 0.28858024691358025 0.029513888888889 0.10802469135802471
