1 0.09155884808013351 0.6644406729771265 0.034745409015025035 0.15692833685042165
1 0.911832220367279 0.3589315525876461 0.03380634390651082 0.11018363939899832
1 0.8052483304432825 0.45993320664161 0.044136060315437826 0.12520871192545943
1 0.743270033281346 0.47662771285475786 0.032867279013267955 0.12186978297161927
1 0.6634494991652753 0.38647743164716103 0.03662353923205344 0.11519204822487722
1 0.5897328882007294 0.3355592808375213 0.04883138553510219 0.10016691411794554
1 0.22021076800039543 0.3414023834140667 0.03850166955671751 0.09849758819708168
1 0.25589524207011694 0.4048414023372287 0.03662353923205344 0.11519198664440729
1 0.3159954090150251 0.3055091819699499 0.02347662771285478 0.09348914858096823
1 0.38219949905763984 0.45909846670559157 0.022537562819611903 0.12020039547028602
1 0.4606114357262105 0.4741235084418185 0.030989148580968254 0.12353929363389185
1 0.5042779632183024 0.24373956594323873 0.022537562711976336 0.08347245409015028
1 0.5211811351177402 0.26460763328042414 0.03192821390475405 0.08180309737905153
1 0.5020387039108208 0.3884885227150814 0.0338516984614931 0.10336936941967068
1 0.5106011923451983 0.3697262610979662 0.020709274352913094 0.10124536739704065
0 0.5079561997797314 0.28019707782896947 0.005795494754688382 0.01018729838878598
