1 0.6362847222222222 0.46990740740740733 0.02430555555555557 0.13734567901234562
1 0.6896701388888888 0.44907407407407407 0.026909722222222144 0.13580246913580246
1 0.8077256944444444 0.8317901234567902 0.03732638888888886 0.18827160493827166
1 0.6727430555555552 0.6481481481481481 0.026041666666666644 0.16049382716049382
1 0.6918402777777779 0.5964506172839507 0.03125 0.13734567901234562
1 0.39713541666666663 0.34336419753086417 0.028645833333333287 0.13117283950617284
1 0.35026041666666674 0.27083333333333337 0.02690972222222224 0.10648148148148145
1 0.2300347222222222 0.3047839506172839 0.022569444444444465 0.11574074074074073
1 0.07899305555555557 0.28395061728395066 0.02083333333333334 0.11111111111111115
1 0.06206597222222222 0.2569444444444444 0.01475694444444444 0.10030864197530864
1 0.010850694444444444 0.37885802469135804 0.021701388888888888 0.12191358024691354
0 0.17317708333333337 0.6473765432098765 0.03559027777777782 0.14969135802469125
0 0.6736111111111112 0.27083333333333337 0.012152777777777856 0.02932098765432098
1 0.6423611111111112 0.23996913580246912 0.03819444444444457 0.066358024691358
1 0.6414930555555556 0.2052469135802469 0.017361111111111143 0.04012345679012345
