1 0.12071535022354694 0.37928464977645304 0.040238450074515646 0.11177347242921015
1 0.2271795827123696 0.680327868852459 0.0318554396423249 0.14157973174366617
1 0.24604135002740146 0.41654247391952287 0.03940016134609116 0.12369597615499259
1 0.26825633383010433 0.45454545454545453 0.04359165424739192 0.11922503725782413
1 0.3789120715350224 0.4769001490312965 0.035208643815201196 0.12518628912071528
1 0.4061568554396423 0.43517138599105815 0.03772354694485841 0.10730253353204176
1 0.42082712369597614 0.4262295081967213 0.03856184798807753 0.11028315946348734
1 0.6203427596673214 0.8397913561847987 0.04359167887698089 0.1624441132637852
1 0.6136363636363636 0.4292101341281669 0.03520864381520113 0.10730253353204176
0 0.4141207153502235 0.24068554396423253 0.010059612518628924 0.019374068554396436
