1 0.04742278797996658 0.2888146757568021 0.02535475814515448 0.08681138304399068
1 0.33806343884983714 0.5500834416638551 0.03568447455408192 0.07512527026160461
1 0.3765651085141903 0.6051752921535893 0.03756260434056763 0.10183639398998338
1 0.3352462436319302 0.3647746243739565 0.03756260455583904 0.09849749582637721
1 0.34839315515112884 0.20784641068447413 0.030050083687725507 0.07846410684474125
1 0.3925292152512959 0.164440734557596 0.026293823253668497 0.08514190317195319
1 0.4714106882413718 0.3288839631242098 0.037562600680954995 0.09348797855204617
1 0.8446890651085142 0.6911519198664441 0.06103923205342241 0.11686143572621027
1 0.8113522537562605 0.6460767946577629 0.03944073455759607 0.11352253756260432
1 0.539023372071874 0.38814691151919867 0.035684474554082066 0.09515859766277117
1 0.6477773013902314 0.2520868267473708 0.03791785130968717 0.09682807753480903
1 0.730123121869783 0.15525876460767946 0.02159849749582648 0.07679465776293823
1 0.8151085141903173 0.04006677796327212 0.022537562604340592 0.08013355592654424
1 0.5742383138564273 0.03171953255425709 0.02723288814691159 0.06343906510851419
1 0.5822203672249802 0.14524207011686144 0.016903172060891078 0.08347245409015025
1 0.40704527795577483 0.15859882977470488 0.02099107871688966 0.07878171884789505
0 0.38176378957536633 0.6379804501183737 0.009673313301135996 0.016105283711947065
1 0.9313934590395622 0.1119170230384605 0.019402460210580397 0.07841640664094757
