1 0.7790798611111112 0.5316358024691358 0.03559027777777786 0.12191358024691354
0 0.7595486111111112 0.5601851851851852 0.017361111111111 0.027777777777777787
1 0.7282986111111116 0.4135802469135802 0.03993055555555544 0.10802469135802471
1 0.31857638888888895 0.3734567901234568 0.03993055555555561 0.11728395061728392
1 0.40668402777777785 0.38888888888888884 0.04253472222222222 0.12037037037037031
1 0.4344618055555555 0.5061728395061726 0.039062500000000014 0.12345679012345677
1 0.49045138888888884 0.5802469135802469 0.02951388888888893 0.14197530864197525
1 0.5564236111111112 0.4953703703703704 0.052083333333333356 0.13271604938271608
1 0.5308159722222222 0.43672839506172845 0.03038194444444443 0.13888888888888887
1 0.07074652777777779 0.29012345679012347 0.02864583333333333 0.10185185185185183
1 0.15538194444444442 0.4637345679012346 0.034722222222222196 0.14351851851851855
1 0.18098958333333337 0.5617283950617284 0.037326388888888895 0.14814814814814825
1 0.15711805555555552 0.7391975308641975 0.034722222222222196 0.15123456790123455
1 0.045138888888888895 0.7253086419753086 0.043402777777777776 0.17592592592592582
1 0.37282986111111116 0.6103395061728395 0.030381944444444357 0.17129629629629625
