1 0.9266493055555556 0.7044753086419753 0.0390625 0.18981481481481474
1 0.42621527777777773 0.7368827160493828 0.041666666666666644 0.17438271604938266
1 0.30729166666666663 0.6766975308641975 0.03993055555555554 0.1620370370370371
1 0.125 0.49614197530864196 0.03472222222222222 0.13425925925925924
1 0.40625 0.5262345679012346 0.03298611111111114 0.12962962962962962
1 0.3680555555555556 0.5246913580246914 0.0225694444444445 0.13271604938271608
1 0.5190972222222222 0.7044753086419753 0.05208333333333329 0.16512345679012355
1 0.47439236111111116 0.4675925925925926 0.033854166666666644 0.12037037037037038
1 0.3485243055555556 0.3827160493827161 0.03385416666666671 0.12037037037037038
1 0.06901041666666666 0.3896604938271605 0.03732638888888888 0.125
1 0.011284722222222219 0.3248456790123457 0.022569444444444437 0.10648148148148152
1 0.6892361111111112 0.5378086419753086 0.029513888888889 0.14660493827160492
1 0.6558159722222221 0.41203703703703703 0.037326388888888784 0.09567901234567898
1 0.6948784722222223 0.4220679012345679 0.037326388888888715 0.08796296296296291
0 0.7083333333333335 0.45756172839506176 0.013888888888889 0.029320987654320944
1 0.5299479166666667 0.3402777777777778 0.02517361111111107 0.07253086419753085
