1 0.6788194444444445 0.43827160493827155 0.03472222222222214 0.11111111111111115
1 0.609375 0.42901234567901236 0.029513888888888857 0.09876543209876544
1 0.5616319444444445 0.3804012345679012 0.029513888888888933 0.09104938271604937
1 0.5620659722222222 0.4822530864197531 0.03038194444444443 0.10648148148148152
1 0.49392361111111116 0.4645061728395062 0.029513888888888857 0.09876543209876537
1 0.4921875 0.5609567901234568 0.026041666666666644 0.12808641975308646
1 0.8637152777777779 0.38811728395061734 0.015625 0.11882716049382715
1 0.40017361111111105 0.41203703703703703 0.03125 0.09876543209876544
1 0.33203125 0.3966049382716049 0.019965277777777856 0.08641975308641975
1 0.3485243055555556 0.37654320987654316 0.026909722222222286 0.08950617283950614
1 0.36067708333333326 0.29552469135802467 0.03559027777777778 0.08487654320987655
1 0.40625 0.31558641975308643 0.02604166666666657 0.07561728395061727
1 0.2999131944444445 0.31172839506172834 0.02343749999999997 0.07716049382716055
0 0.30338541666666663 0.3549382716049383 0.009548611111111107 0.0246913580246914
