1 0.11107487960617123 0.8964232570838 0.0746088100872101 0.16244412966685864
1 0.20496460506706404 0.5268256333830105 0.029340536512667655 0.1326378539493294
1 0.22256892697466468 0.45305514157973176 0.025987332339791357 0.1192250372578242
1 0.22969448953646515 0.33606559837509864 0.026825625994133757 0.10283154542565959
1 0.298435171385991 0.5804769001490313 0.0385618479880775 0.1356184798807748
1 0.3286140027844801 0.6400894597856212 0.025149043611366904 0.1385991878275765
1 0.3244225037257824 0.37853949329359166 0.0385618479880775 0.10730253353204176
1 0.3323863636363636 0.3554396423248882 0.03101713859910582 0.1058122205663189
1 0.36214605682803813 0.38897168405365123 0.028502247784243043 0.11624441132637854
1 0.40364195107850553 0.41803278688524587 0.02934053897562645 0.12071535022354687
1 0.43633569299552905 0.327123695976155 0.03437034277198215 0.08494783904619979
1 0.4426229508196721 0.4046199701937407 0.023472429210134108 0.1177347242921013
1 0.5046572280178837 0.4575260804769002 0.028502235469448606 0.11326378539493291
1 0.5335786201663391 0.4567809568001806 0.025987344654586377 0.11177347242921008
1 0.5859724292101341 0.41877794336810736 0.033532041728762965 0.11028315946348734
1 0.6123789194604118 0.5380029560213246 0.027663949203983056 0.12816696426137505
1 0.6538748100164409 0.3740685461948878 0.04191505954983055 0.11028317586655856
1 0.8865033532041728 0.7965722801788376 0.03772354694485841 0.1594634873323399
