1 0.2994791666666667 0.45447530864197533 0.027777777777777787 0.10339506172839506
1 0.48263888888888884 0.6574074074074074 0.03993055555555557 0.14197530864197525
1 0.6019965277777778 0.41666666666666674 0.03385416666666671 0.0802469135802469
1 0.6792534722222223 0.2546296296296296 0.026909722222222286 0.08641975308641975
1 0.6584201388888888 0.4837962962962963 0.0234375 0.12191358024691354
1 0.8854166666666665 0.6728395061728395 0.03125 0.14814814814814808
1 0.9670138888888888 0.6273148148148148 0.03819444444444457 0.146604938271605
1 0.014322916666666664 0.7654320987654321 0.02864583333333333 0.17283950617283955
1 0.37847222222222227 0.2993827160493827 0.03298611111111107 0.08641975308641975
0 0.3146701388888889 0.5030864197530864 0.011284722222222215 0.015432098765432159
