1 0.12152777777777779 0.5416666666666666 0.03819444444444445 0.1666666666666667
1 0.2634548611111111 0.6820987654320987 0.05121527777777778 0.1697530864197531
1 0.36501736111111116 0.8981481481481483 0.04600694444444436 0.1728395061728395
1 0.5794270833333334 0.8271604938271605 0.06336805555555557 0.19444444444444442
1 0.46137152777777785 0.5516975308641975 0.04253472222222222 0.16512345679012355
1 0.2183159722222222 0.3695987654320988 0.03211805555555554 0.1311728395061728
1 0.18272569444444442 0.26080246913580246 0.03211805555555557 0.12037037037037038
1 0.4444444444444444 0.38888888888888884 0.020833333333333287 0.13888888888888887
1 0.5052083333333333 0.3726851851851852 0.03125000000000007 0.1404320987654321
1 0.5447048611111112 0.3996913580246914 0.033854166666666644 0.1450617283950617
1 0.7035590277777777 0.38580246913580246 0.03211805555555557 0.11728395061728392
1 0.6228298611111112 0.4722222222222222 0.028645833333333356 0.1358024691358024
1 0.60546875 0.375 0.0234375 0.07407407407407404
1 0.5863715277777778 0.4112654320987654 0.03385416666666671 0.08796296296296298
1 0.5759548611111112 0.5069444444444444 0.019965277777777787 0.14351851851851855
1 0.5646701388888888 0.46836419753086417 0.0164930555555555 0.11265432098765431
1 0.43142361111111116 0.345679012345679 0.027777777777777787 0.11728395061728399
1 0.4175347222222222 0.3024691358024692 0.02430555555555557 0.09567901234567902
0 0.44487847222222227 0.21913580246913578 0.013020833333333356 0.027777777777777787
