1 0.049040611028315945 0.5208643815201193 0.034370342771982115 0.055141579731743634
1 0.07418965463968288 0.5529061102831594 0.027663959055818737 0.10134128166915046
1 0.28544149536425967 0.6974664679582709 0.039400168734968 0.1281669150521608
1 0.2607116244411326 0.5834575260804769 0.040238450074515625 0.12965722801788368
1 0.22927533532041727 0.436661698956781 0.024310730253353226 0.08941877794336811
1 0.4761549962428736 0.5275707898658718 0.026825640771887 0.11028315946348746
1 0.46567623812855286 0.4970193740685545 0.01928090675332601 0.10879284649776447
1 0.5365126651972494 0.4657228263929825 0.028502240395366106 0.102831643844087
1 0.6534556607263109 0.4865871833084948 0.0343703476979001 0.11177347242921014
1 0.5377701032158041 0.461251887495814 0.0159277025804498 0.08196706548711298
1 0.7297410581222056 0.559612518628912 0.025987332339791322 0.12071535022354687
1 0.77123695976155 0.5506706408345753 0.0301788375558867 0.12071535022354694
0 0.6434884639677424 0.4785837612949249 0.006464030287706504 0.013058686063507774
