1 0.2934027777777778 0.5077160493827161 0.027777777777777787 0.14197530864197533
1 0.16493055555555558 0.45370370370370366 0.027777777777777804 0.12345679012345677
1 0.15711805555555555 0.3101851851851852 0.032986111111111105 0.09259259259259256
1 0.011284722222222224 0.2847222222222222 0.020833333333333336 0.07870370370370366
1 0.3741319444444444 0.4112654320987654 0.02951388888888893 0.11265432098765431
1 0.5225694444444444 0.39429012345679015 0.02430555555555557 0.09722222222222228
1 0.5928819444444444 0.46836419753086417 0.015625 0.11882716049382715
1 0.6067708333333334 0.4729938271604938 0.015625 0.10956790123456792
1 0.6310763888888888 0.4158950617283951 0.0225694444444445 0.10648148148148145
1 0.5677083333333334 0.3850308641975309 0.02256944444444443 0.0817901234567902
1 0.5842013888888888 0.36959876543209874 0.015625 0.06327160493827158
1 0.6948784722222221 0.4822530864197531 0.0234375 0.10956790123456799
1 0.7204861111111112 0.496141975308642 0.02604166666666657 0.12500000000000008
1 0.7196180555555555 0.4266975308641976 0.019097222222222144 0.07561728395061727
1 0.7065972222222223 0.39197530864197533 0.017361111111111285 0.06481481481481481
1 0.22005208333333331 0.24922839506172842 0.01649305555555557 0.07253086419753085
