1 0.1943864774624374 0.4390651085141903 0.030050083472454078 0.08681135225375634
1 0.30754382303839733 0.3105175292153589 0.025354757929883114 0.08347245409015024
1 0.3812604340567613 0.3105175292153589 0.024415692821368965 0.08013355592654424
1 0.1826481636060101 0.7637728625541704 0.03474540901502506 0.115192171385816
1 0.25683430717863104 0.7186978297161937 0.057282971619365596 0.09515859766277131
1 0.33336811352253753 0.49749582637729545 0.03568447412353919 0.0934891485809684
1 0.5634390651085142 0.363939899833055 0.026293823038397335 0.08347245409015024
1 0.6596932387312187 0.1669449081803005 0.02535475792988308 0.0701168614357262
1 0.592080550918197 0.4824707846410685 0.02723288814691152 0.08681135225375619
1 0.6742487479131887 0.5325542570951586 0.024415692821368823 0.08681135225375627
1 0.8601836393989983 0.2979966611018364 0.01690317195325548 0.07512520868113519
1 0.7592341402337229 0.7604340567612686 0.02911101836393982 0.1118530884808014
1 0.8132303839732887 0.7821368948247078 0.03568447412353933 0.10183639398998338
1 0.9587854757929882 0.151085141903172 0.020659432387312222 0.06844741235392321
0 0.16502359529760038 0.7860398791752271 0.00793655622556078 0.017519000526055067
