1 0.26071228944004304 0.29209955334690557 0.04694489290169328 0.10730227108290205
1 0.27119039117580956 0.44262296722274336 0.044429947901734185 0.1162443785202361
1 0.38436102339002853 0.3956780923994037 0.036046954710255874 0.10581222056631884
1 0.3965163934426229 0.3241430700447093 0.03520864381520127 0.10283159463487333
1 0.37136736214605065 0.624441132637854 0.02682563338301044 0.1460506706408347
1 0.45394002229200636 0.38524588523627284 0.04778314468573401 0.10879287930390696
1 0.5914213859910581 0.470193740685544 0.04107675111773482 0.11475409836065573
1 0.6115406110283159 0.587183308494784 0.059519374068554495 0.11922503725782413
1 0.6911792150600462 0.6184798807749623 0.041076760969570456 0.12220566318926968
1 0.6794429955290612 0.5767511177347242 0.04778315946348727 0.11922503725782413
1 0.7150707812455157 0.3614008941877794 0.04359167148810493 0.0968703427719821
0 0.6484258569299552 0.4880774962742176 0.014251117734724374 0.028315946348733193
