1 0.2004904006677797 0.21619365609348917 0.019720367278798 0.08514190317195325
1 0.21175918196994994 0.2687813021702838 0.02159849749582641 0.10350584307178633
1 0.32679465770912036 0.3914858096828047 0.02065943249494785 0.11185308848080133
1 0.33055091819699506 0.2679465776293823 0.022537562604340592 0.09515859766277128
1 0.39816360601001677 0.29799666110183637 0.024415692821368965 0.1085141903171953
1 0.39252921519747797 0.6510851265080544 0.039440734880502995 0.15025044815250532
1 0.451220784533433 0.31135223836114295 0.04413606031543835 0.10851422110742993
1 0.4460559265442404 0.6168614357262103 0.03192821368948252 0.13856427378964944
1 0.5061560932738774 0.48497495826377296 0.04507512563922397 0.12520868113522535
1 0.6061665274382743 0.6335559265442402 0.04037979988138148 0.14858096828046738
1 0.5850375626043407 0.6293823038397329 0.003756260434056742 0.006677796327211993
1 0.667675291723047 0.5125208681135222 0.03944073541868159 0.11686143572621029
1 0.707585559103989 0.7454089226543374 0.059161102159300746 0.16527564383990645
1 0.7066464941569284 0.5166944908180301 0.038501669449081816 0.11519198664440737
0 0.7271284417209971 0.7994560597893613 0.01053574498980302 0.021702838063439107
