1 0.18484537264092946 0.5104321907600595 0.034370357549735726 0.1177347242921012
1 0.26699888103379615 0.45081967213114765 0.02263413062987402 0.10581222056631896
1 0.30095007451564826 0.5014903129657228 0.020119225037257847 0.11773472429210137
1 0.3902291356184799 0.49403874813710885 0.024310730253353157 0.11773472429210137
1 0.4195696721311475 0.4582712369597616 0.024310730253353157 0.07302533532041729
1 0.4220845752608048 0.5305514157973175 0.03940014903129658 0.09239940387481368
1 0.622438524590164 0.6438151437815008 0.047783159463487275 0.12816702987365897
1 0.7490219821162444 0.4940387481371088 0.03269374068554399 0.09985096870342773
1 0.6291449280099985 0.5827123695976146 0.05113637348819915 0.05067064083457526
1 0.668545081967213 0.5357675111773473 0.03437034277198208 0.10581222056631895
1 0.6308215350223547 0.5230998509687034 0.03604694485842039 0.10730253353204176
1 0.41305375727697546 0.5023742768133282 0.03011043727551554 0.08202125312009999
0 0.4579765697594654 0.484243336562187 0.0121413097141686 0.0172676897525825
