1 0.06633254716981132 0.6242138364779873 0.03007075471698114 0.1729559748427672
1 0.0433372641509434 0.35141509433962265 0.03537735849056603 0.1179245283018868
1 0.1419516509433962 0.5062893081761007 0.041568396226415116 0.16666666666666663
1 0.2202240566037736 0.5408805031446541 0.03537735849056606 0.14465408805031443
1 0.2803655660377358 0.5 0.0512971698113207 0.11320754716981128
1 0.30910966981132076 0.369496855345912 0.023879716981132084 0.11320754716981135
1 0.33166273584905653 0.29009433962264153 0.024764150943396217 0.11163522012578618
1 0.4227594339622641 0.3254716981132076 0.04068396226415096 0.10062893081761008
1 0.3528891509433961 0.4072327044025157 0.02830188679245282 0.11635220125786169
1 0.3604068396226415 0.529874213836478 0.03272405660377359 0.12264150943396224
0 0.38074882075471694 0.5589622641509434 0.020341981132075446 0.020440251572326956
1 0.4943985849056604 0.4772012578616352 0.04599056603773583 0.09905660377358494
1 0.4873231132075472 0.3702830188679245 0.033608490566037756 0.11477987421383652
1 0.6390035377358491 0.37735849056603776 0.034492924528301855 0.10691823899371072
1 0.7853773584905659 0.6745283018867925 0.030070754716981157 0.15408805031446549
1 0.7623820754716981 0.5259433962264152 0.030070754716981014 0.12421383647798741
1 0.709316037735849 0.4245283018867924 0.03537735849056602 0.1320754716981132
1 0.5983195754716981 0.4410377358490567 0.020341981132075374 0.09276729559748426
1 0.6102594339622641 0.4929245283018868 0.021226415094339545 0.11792452830188686
1 0.8211969339622641 0.31839622641509435 0.03272405660377359 0.09276729559748426
