1 0.17491319444444442 0.39891975308641975 0.03038194444444443 0.12191358024691354
0 0.19748263888888892 0.4506172839506173 0.009548611111111107 0.021604938271604937
1 0.10807291666666666 0.5601851851851852 0.028645833333333322 0.16666666666666663
1 0.0998263888888889 0.8186728395061729 0.04340277777777777 0.18364197530864204
1 0.40234375 0.5895061728395062 0.03559027777777786 0.15740740740740733
1 0.37760416666666674 0.42592592592592593 0.03472222222222222 0.11111111111111108
1 0.42925347222222215 0.4390432098765432 0.0303819444444445 0.125
1 0.46484375 0.43904320987654316 0.03211805555555557 0.11574074074074069
1 0.6861979166666665 0.5046296296296297 0.03211805555555557 0.14197530864197533
1 0.7200520833333333 0.6157407407407408 0.035590277777777714 0.1697530864197531
1 0.7960069444444444 0.408179012345679 0.03298611111111114 0.12808641975308646
