1 0.49001736111111116 0.7615740740740742 0.04600694444444443 0.14351851851851863
1 0.23697916666666663 0.6959876543209876 0.02951388888888889 0.14197530864197533
1 0.04036458333333334 0.6736111111111112 0.03906250000000001 0.13425925925925924
1 0.10112847222222221 0.4822530864197531 0.04079861111111109 0.08179012345679013
1 0.39496527777777773 0.46141975308641975 0.052083333333333356 0.10493827160493822
1 0.5846354166666666 0.5879629629629629 0.0390625 0.12037037037037031
1 0.6627604166666665 0.599537037037037 0.03038194444444443 0.10956790123456799
1 0.7734375 0.5262345679012346 0.024305555555555712 0.11111111111111115
1 0.5646701388888888 0.4722222222222222 0.04079861111111107 0.1018518518518519
1 0.5078125 0.3503086419753086 0.02430555555555557 0.1049382716049383
1 0.3624131944444444 0.26080246913580246 0.028645833333333287 0.11111111111111115
1 0.41796875 0.22916666666666663 0.03211805555555557 0.09722222222222225
1 0.6011284722222222 0.28858024691358025 0.03385416666666671 0.09876543209876544
1 0.6267361111111112 0.35648148148148145 0.0225694444444445 0.1111111111111111
1 0.8116319444444443 0.1875 0.02430555555555557 0.09722222222222221
0 0.6358506944444444 0.6296296296296297 0.0164930555555555 0.033950617283950636
