1 0.52734375 0.7438271604938272 0.04427083333333329 0.16358024691358025
1 0.3233506944444444 0.5169753086419753 0.03211805555555554 0.11728395061728399
1 0.4522569444444444 0.5563271604938271 0.026041666666666713 0.14043209876543217
1 0.625 0.503858024691358 0.034722222222222286 0.12191358024691347
1 0.8645833333333335 0.44290123456790126 0.02256944444444443 0.12345679012345677
1 0.9487847222222221 0.45447530864197533 0.032986111111111216 0.12808641975308635
1 0.7790798611111112 0.341820987654321 0.03211805555555543 0.10339506172839506
1 0.7443576388888888 0.30478395061728397 0.025173611111111 0.10648148148148145
1 0.6354166666666667 0.341820987654321 0.02951388888888893 0.11265432098765434
1 0.4921875 0.26157407407407407 0.046875 0.1033950617283951
1 0.15494791666666669 0.6990740740740742 0.03385416666666666 0.12345679012345684
1 0.5972222222222222 0.6929012345679013 0.029513888888888857 0.132716049382716
0 0.12196180555555555 0.7067901234567902 0.009548611111111107 0.0246913580246914
1 0.1271701388888889 0.6682098765432098 0.03038194444444443 0.1234567901234567
