1 0.08802160953800298 0.4239940387481371 0.035208643815201196 0.12667660208643816
1 0.12029619970193739 0.5618479880774963 0.031017138599105803 0.1341281669150522
1 0.19113263785394935 0.477645305514158 0.030178837555886736 0.10581222056631895
1 0.2804116989567809 0.3479880774962742 0.03772354694485849 0.11177347242921015
1 0.31436289859603034 0.37555886736214594 0.025149046074325766 0.11028315946348727
1 0.34789492431556035 0.4977645305514151 0.04023846731522827 0.1281669150521608
1 0.39693554519571217 0.5149031296572278 0.05616617235863699 0.11475409836065582
1 0.44891020864381515 0.41803278688524587 0.03772354694485841 0.10879284649776444
1 0.5293871087928465 0.5424739195230999 0.03604694485842032 0.13710879284649777
1 0.5210040958976969 0.5111776096920605 0.02766393935214735 0.12220618808754917
1 0.6014809960467281 0.5178837637902093 0.047783164389405205 0.061102913609990726
1 0.58471501458969 0.4269750829578989 0.037723620833625196 0.11475493491728832
1 0.7666263040238449 0.7593144560357675 0.04442995529061108 0.16542473919523104
1 0.6597429210134129 0.5178837555886736 0.023472429210134038 0.1326378539493293
1 0.6882451564828613 0.3681073025335321 0.02347242921013418 0.11922503725782409
0 0.38180068280491947 0.14296923198786696 0.009889857806064049 0.01573121011857984
