1 0.10814083457526082 0.3904619970193741 0.030178837555886753 0.0834575260804769
1 0.33448211624441126 0.819672131147541 0.030178837555886667 0.11624441132637856
1 0.4334016418072213 0.5834575260804765 0.026825638308928437 0.09985096870342768
1 0.5549552906110283 0.4299552906110283 0.03856184798807746 0.0640834575260805
1 0.6316598360655737 0.3912071945099136 0.024310730253353157 0.07898666919866447
1 0.865545827123696 0.8248882265275708 0.029340536512667655 0.11475409836065581
1 0.9166821907600595 0.5312965722801789 0.03437034277198208 0.08196721311475408
1 0.742734731680978 0.5305514157973175 0.043591669025145684 0.09836065573770486
1 0.7703986587183302 0.4463487660401216 0.043591654247392 0.0760060268641478
1 0.8831501490312964 0.3695976319023261 0.027663934426229556 0.08345755888661946
1 0.7863263785394932 0.3859910581222057 0.03353204172876289 0.07451564828614003
1 0.7900987332339793 0.30849478390462 0.027663934426229417 0.07451564828614007
1 0.9435078167541932 0.23546945678573827 0.031017153376859216 0.08047691655210253
0 0.7192764708245646 0.5619426931419289 0.008776070919892838 0.014211326025518166
