1 0.23914930555555558 0.39429012345679015 0.037326388888888895 0.10648148148148152
1 0.4618055555555556 0.5401234567901234 0.02951388888888893 0.13888888888888892
1 0.62890625 0.7546296296296297 0.0390625 0.1882716049382715
1 0.7482638888888888 0.7584876543209877 0.036458333333333426 0.14969135802469138
1 0.8246527777777777 0.6805555555555556 0.032986111111111285 0.16049382716049387
1 0.6401909722222223 0.4621913580246914 0.03385416666666671 0.12808641975308638
1 0.3506944444444444 0.43672839506172834 0.02951388888888893 0.12037037037037031
0 0.36545138888888884 0.4737654320987654 0.013888888888888857 0.024691358024691325
1 0.5138888888888888 0.37885802469135804 0.03472222222222222 0.1003086419753086
1 0.5837673611111112 0.375 0.0321180555555555 0.10493827160493822
1 0.5598958333333333 0.40354938271604934 0.03472222222222222 0.08796296296296298
0 0.7703993055555557 0.3171296296296296 0.03211805555555557 0.10648148148148148
