1 0.3965163934426229 0.47317436661698964 0.043591654247391885 0.040238450074515625
1 0.4371739940387481 0.5052160953800298 0.022634128166914992 0.07153502235469453
1 0.5624999926111233 0.43293593294554517 0.018442627876737373 0.08792849778378761
1 0.6216002198525064 0.4687034277198212 0.020957533469353536 0.0789865871833085
1 0.6635152707819807 0.7265276199990797 0.027663934426229417 0.09985096870342787
1 0.7687220566318926 0.5849478390461996 0.018442622950819613 0.09090909090909094
1 0.6823770516432868 0.41207156782849724 0.021795832049613984 0.07302536812655994
1 0.7209388959369258 0.3934426229508196 0.016766023327340476 0.07749627421758573
1 0.8877607998430831 0.3710879038603707 0.025149041148408498 0.08047694935824473
1 0.9158438897168405 0.3912071535022355 0.022634128166914992 0.0789865871833085
1 0.7674646050670642 0.47540983606557374 0.017604321907600706 0.08643815201192247
