1 0.3918042452830188 0.8742138364779873 0.03183962264150942 0.1572327044025157
1 0.5983195754716981 0.7515723270440252 0.030955188679245252 0.15094339622641514
1 0.6589033018867925 0.5754716981132075 0.026533018867924626 0.1352201257861634
0 0.8494988207547169 0.7625786163522013 0.01857311320754718 0.03459119496855351
1 0.10303655660377357 0.4386792452830188 0.039799528301886794 0.12893081761006292
1 0.01945754716981132 0.32075471698113206 0.026533018867924526 0.1069182389937107
1 0.18263561320754718 0.35927672955974843 0.02564858490566035 0.11163522012578621
1 0.11939858490566037 0.3891509433962264 0.024764150943396217 0.12106918238993714
1 0.8928360849056602 0.6981132075471699 0.02387971698113219 0.14150943396226418
1 0.8729363207547169 0.6705974842767296 0.024764150943396287 0.08018867924528288
1 0.2777122641509434 0.2806603773584906 0.02653301886792452 0.11163522012578614
