1 0.13334724557046848 0.7170283806343906 0.028171952932518646 0.1118530884808014
1 0.2882929881524031 0.3547578836977863 0.0262938233613046 0.07512530105183965
1 0.582220367278798 0.36727879799666113 0.030050083472454078 0.08347245409015024
1 0.6488939899833055 0.5434056761268781 0.026293823038397404 0.1018363939899833
1 0.6756573453606883 0.7871452420701175 0.03286727922853875 0.11185308848080146
1 0.7531388572517603 0.9599332220367279 0.03382362499908435 0.08013355592654405
1 0.4413606010016693 0.893989937120157 0.03192821368948245 0.1252087735059295
1 0.41318864774624375 0.7186978297161937 0.024415692821368965 0.10851419031719545
1 0.5958368113522537 0.5183639398998331 0.021598497495826336 0.09515859766277124
1 0.5268155258764607 0.5325542570951586 0.018781302170283853 0.09682804674457429
1 0.48267946577629384 0.4590984974958263 0.024415692821368965 0.0901502504173623
1 0.46155050083472454 0.4565943238731219 0.0328672787979967 0.07846410684474123
1 0.4258660266573675 0.4891485809682804 0.025354758037518826 0.0767946577629383
1 0.3338376460767945 0.5225375472092229 0.03286727879799649 0.08681138304399061
1 0.339941569228319 0.5726210350584308 0.026293823146032888 0.11018363939899835
0 0.3322158994585034 0.542136898343291 0.007431560128259104 0.012911194039634113
1 0.9934787147394775 0.4581350269646349 0.01304257052104181 0.08822275513075319
