1 0.11503547563153477 0.5283806343906509 0.029111018686846814 0.09515859766277127
1 0.17090984980340046 0.558430717863105 0.028171953363061445 0.10183639398998338
1 0.24227879799666113 0.46744574290484137 0.020659432387312188 0.0934891485809684
1 0.3812604340567612 0.6702838063439064 0.022537562604340592 0.09849749582637735
1 0.3568447411277566 0.4140233722871452 0.03192821390475365 0.0834724540901502
1 0.4629590985513136 0.26711188387871554 0.020659432279676464 0.07345569801886255
1 0.4117800500834724 0.3956594477824297 0.025354757929883013 0.07345579038956697
1 0.4061456591632981 0.3564275329161153 0.025354758468061556 0.07512551658348356
1 0.5390233776689286 0.4833061865671351 0.03568447412353926 0.07512520868113526
1 0.5521702836448903 0.23956594323873126 0.02065943271021932 0.06844741235392317
1 0.6446681969949916 0.2996661101836394 0.019720367278797966 0.07178631051752919
1 0.6240087645000439 0.511686143572621 0.01784223727704092 0.09515859766277131
1 0.7803631050676565 0.2946577937284651 0.02253756260434045 0.06510851419031717
1 0.8113522537562605 0.39983305509181977 0.024415692821369107 0.07512520868113519
1 0.8094741232163253 0.8005008347245406 0.03380634455232522 0.11185308848080117
1 0.8667570951585977 0.5959933222036727 0.024415692821368965 0.09682804674457422
1 0.8672266277128549 0.4073455759599332 0.02535475792988322 0.08347245409015024
0 0.7716619318181818 0.1388888888888889 0.00816761363636374 0.015151515151515173
