1 0.029947916666666664 0.8171296296296297 0.04774305555555555 0.19907407407407404
1 0.4344618055555556 0.8487654320987654 0.08246527777777772 0.1728395061728395
1 0.8211805555555555 0.7878086419753086 0.03472222222222214 0.16820987654320987
1 0.18229166666666669 0.6365740740740741 0.05034722222222223 0.15586419753086403
1 0.06987847222222222 0.4305555555555556 0.030381944444444448 0.12654320987654316
1 0.0842013888888889 0.33641975308641975 0.02777777777777777 0.12037037037037038
1 0.30338541666666663 0.35108024691358025 0.040798611111111105 0.11574074074074073
1 0.38888888888888884 0.4444444444444444 0.027777777777777787 0.13580246913580246
1 0.40277777777777757 0.5902777777777772 0.045138888888888576 0.14969135802469125
1 0.3324652777777778 0.5895061728395062 0.03472222222222225 0.16666666666666663
1 0.45920138888888895 0.5270061728395062 0.03125 0.1435185185185185
1 0.5099826388888888 0.4475308641975309 0.026909722222222213 0.1604938271604938
1 0.6922743055555555 0.4876543209876544 0.026909722222222144 0.14197530864197533
1 0.5894097222222222 0.5162037037037037 0.03645833333333329 0.14043209876543217
1 0.5434027777777778 0.6041666666666667 0.026041666666666713 0.14660493827160487
1 0.55859375 0.5570987654320987 0.014756944444444428 0.0771604938271605
1 0.5872395833333333 0.39506172839506176 0.033854166666666644 0.05864197530864196
0 0.5368923611111112 0.2978395061728395 0.013020833333333356 0.018518518518518476
