1 0.42230902777777773 0.650462962962963 0.03732638888888893 0.14660493827160492
1 0.4761284722222222 0.6018518518518519 0.0390625 0.11728395061728407
1 0.3350694444444444 0.5370370370370371 0.032986111111111105 0.13888888888888892
1 0.1740451388888889 0.3533950617283951 0.03385416666666666 0.10802469135802469
1 0.1371527777777778 0.26697530864197533 0.02777777777777777 0.09876543209876544
1 0.2339409722222222 0.3055555555555556 0.025173611111111143 0.1018518518518518
1 0.35720486111111116 0.34336419753086417 0.04079861111111114 0.09413580246913583
1 0.3172743055555556 0.3641975308641975 0.03385416666666671 0.11419753086419754
1 0.2860243055555556 0.4297839506172839 0.03385416666666668 0.10648148148148145
1 0.21354166666666663 0.5 0.02777777777777775 0.12345679012345684
1 0.2339409722222222 0.5810185185185186 0.021701388888888857 0.14043209876543203
1 0.4249131944444444 0.4591049382716049 0.03385416666666671 0.125
1 0.45876736111111116 0.44290123456790126 0.030381944444444357 0.09567901234567905
1 0.57421875 0.5092592592592592 0.058159722222222286 0.12962962962962962
1 0.6944444444444444 0.5902777777777778 0.029513888888888857 0.12191358024691354
1 0.6770833333333335 0.6604938271604938 0.03125 0.14197530864197538
1 0.6102430555555556 0.2770061728395062 0.027777777777777787 0.10030864197530864
0 0.5724826388888888 0.5841049382716049 0.013020833333333356 0.023148148148148095
