1 0.1362847222222222 0.5493827160493826 0.04166666666666666 0.132716049382716
1 0.29123263888888884 0.44058641975308643 0.02170138888888889 0.10956790123456792
1 0.2569444444444444 0.20679012345679013 0.022569444444444465 0.07098765432098766
0 0.23828125 0.24228395061728394 0.0078125 0.01851851851851855
1 0.47482638888888884 0.6512345679012346 0.027777777777777787 0.14814814814814808
1 0.46701388888888884 0.5162037037037037 0.026041666666666644 0.11882716049382715
1 0.5512152777777778 0.4737654320987654 0.029513888888888857 0.12345679012345684
1 0.8407118055555557 0.5300925925925926 0.03038194444444443 0.11882716049382715
1 0.5681423611111112 0.35802469135802467 0.026909722222222213 0.08641975308641975
1 0.5946180555555556 0.3595679012345679 0.029513888888888857 0.09567901234567902
1 0.6536458333333335 0.36419753086419754 0.02256944444444443 0.10802469135802469
1 0.7456597222222221 0.38657407407407407 0.015625 0.10648148148148152
1 0.7378472222222223 0.44290123456790126 0.019097222222222286 0.11728395061728399
1 0.7048611111111112 0.41666666666666663 0.022569444444444572 0.12037037037037038
1 0.5846354166666667 0.5023148148148148 0.019965277777777787 0.11882716049382715
1 0.6215277777777777 0.49922839506172845 0.019097222222222213 0.11882716049382722
1 0.5963541666666666 0.4783950617283951 0.02430555555555557 0.11111111111111115
1 0.6271701388888888 0.46141975308641975 0.0234375 0.111111111111111
1 0.6727430555555557 0.4097222222222222 0.02256944444444443 0.10339506172839506
1 0.6866319444444444 0.38888888888888884 0.017361111111111143 0.10802469135802475
