1 0.16058013355592649 0.3171952793572187 0.024415692821368927 0.0767947501336426
1 0.2342967443590192 0.7562604340567615 0.03850166987962451 0.10684474123539234
1 0.35167988313856424 0.7111853088480803 0.04037979966611019 0.09015025041736223
1 0.3479236227045075 0.4941569282136895 0.030989148580968334 0.09348914858096827
1 0.4634286310517529 0.5300500834724541 0.0328672787979967 0.09181969949916528
1 0.4995826377295492 0.3614357262103505 0.024415692821369035 0.08514190317195325
1 0.5948977462437395 0.35475792988313853 0.02911101836393989 0.07846410684474123
1 0.8479757922886815 0.9098490875925891 0.043196996390915274 0.13021835236072868
1 0.8686352251065371 0.8564273635698243 0.03944073509577451 0.12020036468005132
1 0.9015025041736228 0.6410684474123539 0.03568447412353919 0.10350584307178629
1 0.7226106010016693 0.5567612687813022 0.02535475792988322 0.09181969949916535
1 0.7526606844741235 0.4482470784641069 0.02723288814691145 0.08180300500834725
1 0.8287249582637729 0.23873121869782973 0.02535475792988308 0.06677796327212021
0 0.20155415110193478 0.741179492461049 0.010080345542372972 0.016806290536996792
