1 0.03562779433681073 0.7570789865871833 0.027663934426229508 0.12220566318926984
1 0.19280923994038748 0.5923994038748137 0.025149031296572276 0.10283159463487322
1 0.29466281669150524 0.7049180327868853 0.024310730253353226 0.11326378539493305
1 0.34118852459016397 0.849478390461997 0.028502235469448606 0.11922503725782406
1 0.651359910581222 0.9157973174366617 0.030178837555886774 0.12965722801788387
1 0.3219076005961252 0.529806259314456 0.026825633383010406 0.09388971684053651
1 0.22466467958271238 0.2809239940387481 0.021795827123695977 0.07004470938897167
1 0.3826844262295082 0.46348733233979134 0.029340536512667655 0.07749627421758568
1 0.4145398621773947 0.5469448338156611 0.032693762852174506 0.09836070494691837
1 0.4619038748137109 0.36885245901639346 0.02682563338301044 0.08196721311475415
1 0.47783159340339393 0.5335320417287631 0.023472431673092976 0.08643815201192248
1 0.5260339009255318 0.48137112893614303 0.03269373329666718 0.07749619220222946
1 0.5830383755588674 0.4307004470938897 0.03101713859910582 0.08643815201192254
1 0.6148938152011922 0.2764530551415797 0.0192809239940388 0.07302533532041729
1 0.5985469436269408 0.7339791520215511 0.02514903868544938 0.11177347242921015
1 0.9544057377049181 0.6184798807749627 0.022634128166914992 0.1102831594634874
0 0.9615312928778416 0.38524590163934425 0.03017884494476355 0.0879284649776453
0 0.463407039584019 0.5478784206724362 0.007284777902925593 0.016090263688262236
