1 0.55859375 0.8603395061728395 0.025173611111111143 0.12191358024691368
1 0.5868055555555556 0.6797839506172839 0.02430555555555557 0.11882716049382708
1 0.4053819444444444 0.6882716049382717 0.0243055555555555 0.08333333333333329
1 0.33984375 0.6103395061728395 0.026909722222222144 0.10648148148148145
1 0.4683159722222222 0.4675925925925926 0.0234375 0.10185185185185176
1 0.8138020833333333 0.5671296296296297 0.033854166666666574 0.09722222222222221
1 0.421875 0.7716049382716049 0.036458333333333426 0.12037037037037038
1 0.5451388888888888 0.6311728395061729 0.0243055555555555 0.09567901234567905
1 0.7912326388888888 0.38657407407407407 0.03211805555555543 0.09413580246913575
1 0.9388020833333335 0.4128086419753086 0.025173611111111 0.09722222222222221
1 0.6701388888888888 0.2638888888888889 0.029513888888889 0.07098765432098766
1 0.5750868055555556 0.316358024691358 0.028645833333333356 0.0802469135802469
1 0.6141493055555556 0.30401234567901236 0.028645833333333356 0.07098765432098766
1 0.9835069444444444 0.24537037037037038 0.017361111111111143 0.07098765432098769
1 0.9826388888888888 0.3032407407407407 0.02604166666666657 0.06327160493827158
1 0.3038194444444444 0.29861111111111116 0.01909722222222225 0.066358024691358
0 0.4522569444444444 0.7885802469135803 0.012152777777777714 0.027777777777777714
