1 0.07841193666857053 0.4156928675543004 0.03850166923381045 0.10016685253747601
1 0.568134428054479 0.5075123207315875 0.039440734449960387 0.10350605860342975
1 0.46202003338898157 0.23706180040626157 0.028171953255425482 0.09015018883689276
1 0.5470054256556982 0.140233707476335 0.019720367386433745 0.086811383043991
1 0.587385225375626 0.05509181969949916 0.02535475792988308 0.07679465776293823
1 0.8423414021219574 0.13021702838063426 0.028171953685968608 0.09015025041736215
1 0.9179361434111675 0.4081802697105998 0.03850166998726009 0.11185308848080132
1 0.8151085139750452 0.2654424809822647 0.0394407349881378 0.09682789279340025
1 0.6038188492750884 0.28547533113479207 0.037562603479482454 0.07679459618246874
1 0.5761164440196379 0.28547579298831394 0.03474540912266063 0.1001669449081803
0 0.5572531886187663 0.32293585288876064 0.009109298193757998 0.013351670053243048
