1 0.03227459016393443 0.28912071535022354 0.027663934426229508 0.09239940387481373
1 0.08131520119225037 0.4694485842026826 0.030178837555886736 0.1192250372578242
1 0.10227273712456292 0.5730253189173458 0.030178857259558226 0.1326378539493293
1 0.13957712369597616 0.4612518628912072 0.02431073025335321 0.10581222056631895
1 0.2150242101968162 0.362891207153502 0.03437035754973563 0.0998509687034277
1 0.28963301043219075 0.30402384500745155 0.022634128166914992 0.0953800298062593
1 0.31687779310533126 0.3055141579731744 0.020119227500216733 0.08643815201192251
1 0.3654992548435172 0.470193740685544 0.025149031296572345 0.11773472429210145
1 0.3919057377049181 0.587183275688641 0.024310730253353313 0.1222057288015539
1 0.4354973919523102 0.3763040074419362 0.01928092399403873 0.09388974964667886
1 0.4497485096870342 0.5722801788375559 0.03101713859910582 0.09836065573770504
1 0.4480719076005961 0.35320417287630407 0.020957526080476897 0.09538002980625933
1 0.45561661698956785 0.4292101341281669 0.01928092399403873 0.10134128166915048
1 0.4828614008941878 0.36885245901639346 0.02347242921013418 0.09687034277198209
1 0.5553744485215147 0.44336809089946205 0.03101713859910575 0.10581228617860347
0 0.40525327081237933 0.6368166620358021 0.008078419774978867 0.017047557159453577
1 0.8165052234842566 0.5678095433972044 0.026825648160764434 0.11922564417146111
1 0.9573409255487714 0.7690054188485242 0.038561830747365244 0.15201308712178302
1 0.7916666697271217 0.3236111162066947 0.027083327212424905 0.07777776758661038
