1 0.1244877049180328 0.349478390461997 0.03101713859910582 0.12965722801788382
1 0.3323863636363636 0.5238450074515648 0.041076751117734706 0.16542473919523096
1 0.3747251797799771 0.9232488330560606 0.048630726836150245 0.1535023338878757
1 0.3797503725782416 0.6982115998365259 0.035208643815201196 0.16840541433589012
1 0.3814269697387618 0.5588673621460508 0.03353205158059862 0.1430700447093889
1 0.5528595380029806 0.6795827123695976 0.03101713859910575 0.1639344262295083
1 0.6039959016393442 0.6192250372578241 0.044429955290611146 0.1654247391952309
1 0.4317250434152213 0.36736214605067063 0.026825621068215698 0.13561847988077497
1 0.4489102037178974 0.397913561847988 0.02934054636450346 0.15201192250372583
1 0.7611773472429215 0.4523097800584799 0.08550670640834582 0.06408386760286065
