1 0.3139437406855439 0.39046199701937406 0.025987332339791395 0.0745156482861401
1 0.3839418777943368 0.5014903293687939 0.02179582712369601 0.09090905810294835
1 0.5113639750204889 0.41132451679090914 0.036885223735009236 0.07153467789019874
1 0.5545362866354747 0.4061091431460131 0.03437033538310547 0.06706423108516704
1 0.7448304707427521 0.3405365208691958 0.03269375300033902 0.07004472579204278
1 0.24143069798413488 0.6579731907696882 0.03353204665468078 0.08196724592089634
1 0.5658532041728763 0.49329359165424735 0.025149031296572276 0.07749627421758568
1 0.6907600596125186 0.4873323397913562 0.028502235469448606 0.08643815201192254
1 0.6685450782727743 0.5968703509735177 0.027663941815105383 0.08792848138071652
1 0.9133289902816217 0.72503728242875 0.03772353955598195 0.09985091949421414
1 0.8458457526080477 0.9076005961251863 0.030178837555886844 0.11624441132637856
1 0.8969867346313795 0.9351713777895226 0.03521790029280892 0.12965724442095503
1 0.17858047224863682 0.6622901276887677 0.04610656230296704 0.0879284649776453
0 0.16035032454136636 0.6876132998904683 0.007284781145796418 0.015305367403675591
