1 0.2685726210350584 0.4023372287145242 0.01878130217028378 0.07345575959933229
1 0.46436769578354203 0.5125208373232869 0.04037980041955981 0.08681141383422565
1 0.5779945742904842 0.39315525876460766 0.02159849749582641 0.08514190317195322
1 0.7042988313856426 0.8614357262103506 0.04319699499165282 0.11352253756260439
1 0.32820325542570955 0.6168614357262103 0.025354757929883148 0.0784641068447413
1 0.28312813032466405 0.6836393989983304 0.027232887931640155 0.09515859766277118
1 0.5676648580968281 0.5292153589315527 0.02911101836393989 0.08681135225375634
1 0.6371556761268781 0.5509181969949917 0.025354757929883006 0.0834724540901503
1 0.8113522537562605 0.49248747913188645 0.026293823038397335 0.08681135225375627
1 0.9353088480801336 0.42320534223706174 0.024415692821368965 0.07846410684474123
1 0.9104236227045075 0.3063439065108514 0.019720367278797966 0.06176961602671113
1 0.8019616024558472 0.3914858096828048 0.020659432817855154 0.07846410684474128
0 0.2908928757808941 0.7097976597589963 0.009513674963550846 0.014541452884609373
1 0.6750691298679412 0.36874160504741665 0.028561440497061066 0.0686683861304452
1 0.6641885800084938 0.3617297673727443 0.022577138641811535 0.06721761065676053
1 0.661571368948247 0.820534223706177 0.03474540901502493 0.1085141903171953
